# id	left	top	right	bottom	texture_id
[SPRITES]
#WALK
31001	9	11	24	26	10
31002	32	11	47	26	10

#DIE
32001	54	18	69	26	10


############################REDGOOMBA
#NOT WINGS
33001	104	70	119	85	10
33002	125	70	140	85	10

#WINGS
#OPEN
34001	140	40	159	57	10
34002	116	40	135	57	10
#CLOSE
34003	90	35	109	62	10
34004	64	35	85	62	10

#DIE
35001	145	77	160	85	10



# ani_id	sprite1_id	time1	sprite2_id	time2	...
[ANIMATIONS]
5000	31001	100	31002	100
5001	32001	100


############################REDGOOMBA
#NOT WINGS
6000	33001	100	33002	100

#WINGS
#OPEN
6001	34003	200	34004	200
#CLOSE
6003	34001	200	34002	200

#DIE
6002	35001	100