# id	left	top	right	bottom	texture_id
[SPRITES]
#WALK LEFT
700000	28	67	43	92	10
700001	47	66	62	91	10

#WALK RIGHT
700002	261	66	276	91	11
700003	280	67	295	92	11

#SHELL IDLE
700004	29	97	44	112	10

#SHELL REVIVING
700005	29	97	44	112	10
700006	71	75	88	90	10

#SHELL IDLE UPTURNED
700007	221	29	236	44	10

#SHELL REVIVING UPTURNED
700008	221	29	236	44	10
700009	245	61	262	76	10

#SHELL WALK
700010	29	97	44	112	10
700011	50	96	65	111	10
700012	71	96	86	111	10

#SHELL WALK UPTURNED
700013	221	29	236	44	10
700014	242	30	257	45	10
700015	263	30	278	45	10

# ani_id	sprite1_id	time1	sprite2_id	time2	...
[ANIMATIONS]
#WALK LEFT
750000	700000	100	700001	100

#WALK RIGHT
750001	700002	100	700003	100

#SHELL IDLE
750002	700004	100

#SHELL REVIVING
750003	700005	25	700006	25

#SHELL IDLE UPTURNED
750004	700007	100

#SHELL REVIVING UPTURNED
750005	700008	25	700009	25

#SHELL WALK
750006	700010	50	700011	50	700012	50

#SHELL WALK UPTURNED
750007	700013	50	700014	50	700015	50

#SHELL DIE
750008	700007	100