# id	left	top	right	bottom	texture_id
[SPRITES]
##########################SCORE POPUP##########################
#100
1000000	457	223	468	230	20
#200
1000001	457	232	468	239	20
#1000
1000002	470	223	485	230	20


########################## HUD ##########################
1000003	3	3	154	30	40
1000004	163	3	234	30	40


########################## FONT IN HUD ##########################
#FONT_0
1000500	33	32	40	39	40
#FONT_1
1000501	44	32	49	39	40
#FONT_2
1000502	53	32	60	39	40
#FONT_3
1000503	63	32	70	39	40
#FONT_4
1000504	73	32	80	39	40
#FONT_5
1000505	83	32	90	39	40
#FONT_6
1000506	93	32	100	39	40
#FONT_7
1000507	103	32	110	39	40
#FONT_8
1000508	113	32	120	39	40
#FONT_9
1000509	123	32	130	39	40

########################## PMETER ##########################
1001000	3	33	10	40	40
1001001	11	33	26	40	40


# ani_id	sprite1_id	time1	sprite2_id	time2	...
[ANIMATIONS]
##########################SCORE POPUP##########################
#100
1000000	1000000	100
#200
1000001	1000001	100
#1000
1000002	1000002	100